63377
63378
63379
63380
63381
63382
63383
63384
63385
63386
63387
63388
63389
63390
63391
63392
63393
63394
63738
63739
63740
63742
63741
63744
63746
63747
63748
63749
63751
63750
63753
63752
63745
63754
11336384
11336383
11337621
11337622
11338819
11338899
11338898
11340053
11340142
11340141
11341268
11341354
11341355
11341356
11342498
11342574
11342575
11343592
11343631
11344404
11344447
11344448
11345151
11345150
13102206
13102207
13102208
13103852
13103851
13103853
13105064
13105065
13105063
13105109
13105113
13105111
13105112
13105110
13105114
13105156
13105157
13106046
13106047
13106049
13106048
13106325
13106322
13106323
13106324
13106363
13106364
13106366
13106367
13106365
13106412
13106413
13107314
13107313
13107315
13107316
13107573
13107572
13107574
13107649
13108579
13108578
2664827
2664828
2664824
2665159
2665161
2665163
2665164
2665165
2665162
2665160
2665220
2665221
2665219
2665223
2665222
2665224
2665240
2665241
2665242
2665243
2665244
2665246
2665245
2666132
2666133
2666129
2666454
2666456
2666458
2666459
2666460
2666455
2666457
2666516
2666517
2666518
2666534
2666535
2666536
2666537
2670170
2670172
2670173
2670171
2670174
2671004
2671003
2671445
2671446
2671456
2671455
2672243
2672244
2672632
2672633
2672634
2672644
2672645
2672646
2673383
2673662
2673663
2673664
2673672
2673673
2673674
5850113
5850115
5850116
5850117
5850114
5850947
5850946
5851389
5851398
5851399
5851388
5852186
5852187
5852576
5852575
5852577
5852587
5852589
5853326
5853605
5853607
5853606
5853615
5853616
5853617
2806365
2806366
2806367
2806368
2806369
2806370
2806772
2806774
2806775
2806776
2806777
2806773
2807594
2807595
2807596
2807597
2807598
2807599
2807782
2807784
2807785
2808015
2808016
2808017
2808047
2808048
2808762
2808764
2808763
2808761
2808921
2808919
2808920
2808922
11416532
11416533
11416535
11416536
11416534
11416537
11417836
11417834
11417837
11417835
11417839
11417838
11417840
11419084
11419085
11419087
11419086
11419088
11419089
11419090
11419091
11419092
11419093
11419094
11419095
11420358
11420359
11420362
11420361
11420360
11420357
11421591
11421592
11421593
11421595
11421594
11421596
11422806
11422807
11422808
11422811
11422810
11422809
8048693
8048692
8048694
8049198
8049197
8049200
8049196
8049199
8049205
8049201
8049206
8049203
8049207
8049202
8049204
8049968
8049970
8049969
8050468
8050467
8050469
8050470
8050471
8050472
8050473
8050475
8050474
8050476
8051214
8051215
8051216
8051712
8051714
8051713
8051717
8051715
8051716
8051718
8051720
8051719
8051721
8052441
8052442
8052443
8052958
8052957
8052959
8052960
8052962
8052964
8052965
8052966
8052963
8053680
8053681
8053682
8053683
8054146
8054147
8054148
8054151
8054150
8054149
8054152
6361380
6361381
6361382
6361383
6361385
6361387
6361388
6361389
6361390
6361384
6361386
6361423
6361424
6361426
6361427
6361425
6361429
6361428
6361431
6361432
6361433
6361430
6361434
6361435
6361436
6361438
6361437
6361439
6361710
6361711
6361712
6361713
6361716
6361717
6361718
6361719
6361720
6361721
6361751
6361754
6361755
6361752
6361757
6361756
6361758
6361759
6361760
6361761
6361762
6361763
6361764
6361765
6361766
6361824
6361825
6361826
6361753
6361827
6361828
6361829
6361834
6361835
6361837
6361838
6361836
6361841
6361840
6361839
6361842
6361843
6361845
6361844
6361846
6362679
6362681
6362680
6362686
6362687
6362688
6362689
6362691
6362682
6362684
6362685
6362683
6362724
6362727
6362690
6362728
6362729
6362730
6362731
6362732
6362733
6362738
6362739
6362737
6362740
6362725
6362726
6362734
6362735
6362736
6363001
6363003
6363002
6363004
6363005
6363006
6363010
6363011
6363012
6363014
6363013
6363039
6363041
6363043
6363042
6363044
6363045
6363046
6363048
6363050
6363051
6363052
6363053
6363054
6363009
6363040
6363047
6363049
6363117
6363120
6363121
6363133
6363134
6363136
6363135
6363137
6363130
6363139
6363141
6363140
6363142
6363119
6363132
6363138
6363131
6363118
6363122
6363915
6363916
6363918
6363917
6363919
6363920
6363921
6363922
6363923
6363924
6363927
6363926
6363925
6363932
6363951
6363953
6363954
6363958
6363959
6363956
6363960
6363957
6363955
6363952
6363962
6363963
6363964
6363965
6363961
6364287
6363966
6364288
6364290
6364292
6364291
6364295
6364296
6364300
6364297
6364299
6364298
6364322
6364319
6364321
6364320
6364324
6364323
6364325
6364326
6364327
6364328
6364331
6364330
6364289
6364332
6364333
6364334
6364404
6364405
6364406
6364415
6364418
6364416
6364421
6364419
6364417
6364420
6365194
6365193
6365192
6365195
6365197
6365198
6365199
6365200
6365201
6365202
6365203
6365205
6365204
6365207
6365206
6365208
6365209
6365210
6365229
6365233
6365230
6365231
6365237
6365234
6365235
6365238
6365236
6365240
6365241
6365239
6365242
6365196
6365232
6365556
6365555
6365557
6365559
6365558
6365560
6365562
6365561
6365563
6365564
6365567
6365568
6365570
6365569
6365571
6365573
6365577
6365572
6365575
6365574
6365576
6365600
6365598
6365597
6365602
6365604
6365601
6365605
6365609
6365606
6365607
6365608
6365596
6365599
6365603
6365673
6365674
6365675
6365678
6365679
6365680
6365682
6365676
6365677
6365693
6365694
6365697
6365696
6365698
6365695
6365681
6365683
6366436
6366437
6366439
6366442
6366443
6366441
6366438
6366440
6366444
6366445
6366446
6366447
6366448
6366451
6366450
6366449
6366452
6366465
6366466
6366467
6366468
6366469
6366472
6366473
6366475
6366471
6366474
6366476
6366477
6366470
6366481
6366479
6366482
6366478
6366480
6366825
6366826
6366828
6366827
6366830
6366829
6366831
6366832
6366833
6366836
6366837
6366841
6366838
6366840
6366842
6366839
6366843
6366844
6366846
6366845
6366859
6366860
6366866
6366862
6366868
6366861
6366867
6366863
6366870
6366865
6366869
6366864
6366872
6366871
6366873
6366874
6366875
6366876
6366942
6366943
6366944
6366945
6366946
6366947
6366948
6366950
6366949
6366951
6366952
6366963
6366964
6366966
6366967
6366965
6367644
6367646
6367647
6367649
6367653
6367654
6367655
6367656
6367657
6367659
6367660
6367645
6367648
6367650
6367651
6367652
6367658
6367697
6367704
6367703
6367705
6367708
6367707
6367702
6367709
6367710
6367711
6367713
6367712
6367717
6367716
6367718
6367719
6367725
6367726
6367727
6367728
6367698
6367700
6367699
6367730
6367731
6367706
6367722
6367721
6367723
6367720
6367724
6367729
6367732
6367733
6367701
6368054
6368057
6368055
6368060
6368064
6368065
6368066
6368067
6368069
6368070
6368068
6368071
6368073
6368056
6368058
6368059
6368072
6368074
6368075
6368108
6368107
6368106
6368109
6368110
6368111
6368112
6368113
6368116
6368115
6368120
6368119
6368118
6368117
6368114
6368121
6368123
6368122
6368132
6368131
6368133
6368134
6368136
6368135
6368137
6368138
6368139
6368140
6368141
6368205
6368207
6368209
6368204
6368206
6368208
6368214
6368210
6368213
6368212
6368211
6368222
6368223
6368224
2284925
2284927
2284926
2286214
2286215
2286216
2286213
2287496
2287497
2287501
2287498
2287499
2287500
2288769
2288770
2288775
2288772
2288774
2288771
2288776
2288773
2288860
2288859
2290038
2290037
2290039
2290041
2290040
2290042
2290043
2290044
2290046
2290045
2290127
2291295
2291307
2291308
2291310
2291312
2291311
2291309
2291313
2291314
2291294
2291292
2291293
2291391
2291296
2291392
2292435
2292438
2292437
2292440
2292436
2292439
2292441
2292452
2292453
2292451
2292455
2292457
2292456
2292458
2292454
2292531
2292530
2292529
2292528
4350417
4350418
4350416
4350422
4350414
4350442
4350445
4350448
4351706
4351707
4351708
4351710
4351709
4351711
4351714
4351736
4351735
4351739
4351740
4352989
4352991
4352992
4352993
4352994
4352996
4353031
4353032
4353034
4353033
4353037
4353035
4354254
4354256
4354252
4354259
4354255
4354257
4354298
4354299
4354303
4354301
4354300
4355473
4355477
4355475
4355476
4355515
4355517
4355518
4355519
4355520
4355565
4355563
4355567
4355564
3921685
3921686
3921688
3921687
3922873
3922875
3922874
3922876
3922877
3923903
3923902
3923904
3923901
3923905
10519866
10519868
10519867
10519869
10521172
10521171
10521173
10522398
10522396
10522397
10523679
10523675
10523677
10523678
10523676
10524915
10524916
10524918
10524919
10524920
10524917
10526167
10526170
10526169
10526168
10527355
10527356
10528390
10528391
5765871
5765872
5765873
5765874
5765878
5765879
5765880
5767141
5767140
5767143
5767142
5767146
5767144
5767152
5767154
5767155
5767153
5767156
5767157
5767158
5767139
5767145
5768372
5768371
5768374
5768373
5768375
5768376
5768377
5768378
5768379
5768380
5768384
5768385
5768389
5768390
5768388
5768387
5768386
5769586
5769588
5769587
5769589
5769591
5769592
5769593
5769594
5769595
5769600
5769599
5769602
5769605
5769604
5769601
5769608
5769607
5769590
5769606
5769603
5770819
5770820
5770822
5770824
5770823
5770825
5770827
5770826
5770828
5770829
5771911
5771912
5771914
5771913
11634083
11634084
11635380
11635381
11635383
11635384
11635377
11636624
11636621
11636618
11636622
11637897
11637900
11637903
11637901
11639142
11639143
11639144
11639147
11639148
11640351
11640352
11640356
11640355
11641565
11641569
11641566
11641570
4681717
4681716
4681719
4681718
4681720
4681721
4682124
4682123
4682125
4682128
4682127
4682126
4682945
4682946
4682947
4682948
4682949
4682950
4683135
4683134
4683133
4683136
4683368
4683367
4683366
4683399
4683398
4684112
4684113
4684115
4684114
4684270
4684272
4684273
4684271
4685151
4685152
10769107
10769109
10769110
10769111
10770337
10770339
10770340
10771578
10771579
10772716
10772717
10773545
10773546
10774253
10774254
10774970
10774971
7393939
7393940
7393968
7393969
7394286
7394285
7394287
7394288
7394289
7394290
7394291
7395151
7395152
7395149
7395150
7395242
7395273
7395243
7395274
7395590
7395593
7395592
7395594
7395595
7395589
7396399
7396401
7396400
7396487
7396488
7396489
7396402
7396524
7396814
7396816
7396818
7396820
7396817
7396815
7396819
7397676
7397675
7397678
7397677
7397771
7397770
7397802
7398095
7398097
7398098
7398096
7398099
7398921
7398922
7398923
7398924
7399008
7399007
7399038
7399336
7399340
7399339
7399337
7399338
7400153
7400152
7400151
7400154
7400225
7400223
7400262
7400587
7400588
7400589
7400590
7400586
7401392
7401391
7401394
7401393
7401465
7401463
7401481
7401773
7401776
7401775
7401774
7401777
5627827
5627830
5627831
5627833
5627834
5627835
5627839
5627838
5627853
5627855
5627858
5627860
5627859
5627829
5627854
5629119
5629121
5629124
5629122
5629123
5629127
5629129
5629128
5629150
5629151
5629120
5630402
5630404
5630407
5630406
5630405
5630410
5630411
5630445
5630444
5630447
5630446
5630448
5630450
5631665
5631667
5631670
5631669
5631673
5631674
5631668
5631675
5631711
5631712
5631713
5631716
5632889
5632886
5632890
5632888
5632931
5632930
5632933
5632928
5632932
5632976
5632977
5632980
5634128
5634130
5634131
5634132
5634165
5634166
5634167
5634163
5634168
5634208
5634205
5634206
5634209
5635309
5635308
5635306
5635336
5635338
5635339
5635340
5635341
5635372
5635373
5635375
5636268
5636271
5636270
5636269
5636301
5636304
5636305
5636303
5636302
8948114
8949344
8950586
8950585
8951723
8951724
8952552
8952553
8953261
8953260
8953978
8953977
5578803
5580063
5581201
5581228
5581229
5582079
5582098
5582100
5582102
5582099
5582101
5582828
5582848
5582850
5582849
5582851
5582847
5583543
5583562
5583561
5583563
5583564
5583566
5583567
5583568
5583565
5584217
5584221
5584239
5584237
5584241
5584240
5584238
5584876
5584880
5584897
5584899
5584896
5584900
5584898
5585518
5585517
5585519
5585520
5585516
5586150
5586147
4901940
4901974
4901939
4902476
4902584
4902583
4578335
4578568
4579003
4579230
4579623
4579855
4580237
4580487
4580876
4581185
4581646
4582004
4582458
4582843
4583344
4583739
4584239
4584241
4584238
4584240
4584623
4584624
4585153
4585154
4585155
4585156
4585580
4585581
4586101
4586103
4586102
4586104
4586528
4586529
4587074
4587075
4587076
4587073
4587513
4587512
4588033
4588034
4588035
4588036
4588457
4588458
4588459
1856694
1856693
1857844
1857843
1857845
1858716
1858718
1858717
1859445
1859446
1860161
1860160
1861477
1861478
1861476
1861479
1862074
1862075
1862082
1862084
1862711
1862713
1863424
1863426
1863428
1863430
1863431
1863634
1864237
1864242
1864239
1864449
1865107
1865109
1865110
1865113
1865114
1865332
1865978
1865980
1865981
1866239
1866886
1866883
1866885
1866888
1867157
1867846
1867849
1867851
1867848
1868109
1868792
1868795
8653581
8654290
8655007
8655670
8655676
8656316
8656318
8656320
8656926
8656928
8656931
8656932
8656935
8656934
8657570
8657573
8657574
8657576
8657580
8657579
8657577
8658317
8658320
8658324
8658321
8658328
8658325
8658327
8658679
8659132
8659135
8659139
8659136
8659142
8659143
8659144
8659501
8659521
8659522
8660017
8660016
8660019
8660020
8660024
8660023
8660025
8660391
8660409
8660408
8660832
8660833
8660831
8660919
8660925
8660924
8660928
8660926
8660929
8661287
8661301
8661302
8661737
8661738
8661736
8661830
8661835
8661836
8661837
8661840
8661839
8662232
8662233
8662209
8662234
8662793
8662795
8662796
8662792
8663176
8663177
8663178
8663751
8663752
8664151
8664150
8664152
9137224
9137225
9138460
9138462
9138461
9139674
9139676
9139675
9139677
9139678
9140914
9140915
9140918
9140917
9140916
9141215
9141217
9141218
9141216
9141221
9141219
9141220
9141224
9141222
9141223
9141225
9142033
9142034
9142035
9142253
9142251
9142252
9142255
9142254
9142256
9142258
9142259
9142257
9142260
9142862
9142860
9142861
9143046
9143047
9143050
9143049
9143051
9143052
9143048
9143570
9143572
9143571
9143573
9143738
9143739
9143740
9143742
9143741
9143743
9143744
9144284
9144283
9144285
9144286
9144421
9144423
9144427
9144422
9144426
9144425
9144424
9144944
9144942
9144945
9144946
9144943
9144947
9145087
9145084
9145085
9145089
9145090
9145091
9145086
9145088
9145578
9145579
9145580
9145718
9145717
9145719
9145720
9146195
9146196
9146197
9146198
9146343
9146344
9146346
9146345
9146837
9146839
9146838
9147003
9147006
9147001
9147005
9147002
9147004
9150182
9150181
9150460
9151100
9151099
9151383
9152051
9152052
9152329
9153011
9153298
13630742
13631388
13632137
13632952
13633836
13634743
13635661
13636614
9951356
9952631
9953866
9955090
9956324
9957429
9957433
9957434
9957436
9957437
9958250
9958254
9958257
9958258
9958255
9958958
9958962
9958963
9958966
9958965
9959670
9959674
9959675
9959676
9959677
9960332
9960333
9960334
9960961
9960962
9960967
9960966
9961577
9961576
9961582
9961581
9962222
9962226
9962227
9962971
9962975
9963790
9963786
9964670
9964673
9965577
9965580
9965579
9966495
9966497
9966498
9967448
13169165
13169164
13169870
13169871
13169872
13170685
13170687
13170686
13171546
13171551
13171550
13171549
13171548
13172423
13172422
13173324
13173326
13173325
13988327
13988328
13988329
13988330
13988331
13988332
13988333
13988336
13988335
13988334
13988337
13988338
13988339
13988344
13988345
13988343
13988346
13988341
13988342
13988340
13989268
13989267
13989270
13989269
13990215
13990214
13990213
13990212
118475
118476
118478
118477
118969
118970
118971
119014
119015
119016
119023
119024
119022
119025
119094
119095
119093
119322
119325
119326
119337
119338
119750
119782
119783
119789
119790
119791
119781
119788
119836
119835
119843
119844
120037
120038
120040
120039
120041
120042
120051
120480
120050
120513
120514
120518
120517
120519
120548
120554
120752
120755
120754
120757
120756
120753
120766
120770
120771
121147
121179
121180
121183
121185
121184
121225
121231
121230
121224
121424
121425
121427
121428
121426
121429
121441
121446
121445
121820
121842
121843
121849
121848
121850
121884
121889
121883
121890
122067
122066
122068
122069
122070
122071
122090
122092
122093
122438
122456
122457
122470
122471
122472
122508
122509
122514
122515
122664
122665
122667
122666
122668
122669
122696
122697
122702
122703
123053
123142
123147
123141
123146
123298
123299
123302
123305
123303
123304
123332
123746
123846
123847
123840
123841
124023
124027
124028
124030
124029
124664
124665
124671
124670
12108940
12108939
12108941
12109623
12109624
12109626
12109625
12109630
12109629
12109628
12109627
12110425
12110427
12110426
12111259
12111262
12111260
12111261
12111263
12111264
12112148
12112151
12112150
12112153
12112149
12112152
12113046
12113047
12113048
12113049
14036428
14036452
14037099
14037119
14037763
14037746
14038378
14038355
14038990
14038991
14039023
14039728
14039727
14039771
14040543
14040542
14040587
14041420
14041421
14041468
14042324
14042323
14042372
14043232
14043231
14043283
10393022
10393734
10393733
10394452
10394451
10395121
10395122
10395769
10395767
10395768
10396379
10396376
10396378
10396377
10397020
10397017
10397019
10397018
10397763
10397764
10397765
10397766
10397767
10398580
10398581
10399460
10399461
10400359
10400360
10401268
10401269
10401270
10401267
10402220
10402222
10402221
10402223
